*Vertices 232
892
643
518
450
445
440
439
422
415
348
329
318
316
314
307
300
295
291
284
283
274
269
269
257
256
254
240
240
239
238
236
235
230
226
220
218
216
215
203
201
191
187
185
184
184
182
181
180
179
179
171
170
169
168
165
164
161
158
153
153
151
150
148
148
146
142
139
135
134
133
131
131
130
129
127
124
124
123
123
122
122
119
119
118
117
117
117
115
112
111
111
106
106
104
103
103
102
101
100
98
97
97
96
95
94
92
92
91
91
90
90
88
88
87
85
85
84
82
81
81
81
81
79
79
78
77
76
76
76
75
75
74
74
72
72
72
71
70
69
69
69
68
68
68
67
66
65
64
64
63
63
62
62
62
62
61
60
57
57
56
54
53
53
53
52
51
50
49
49
47
47
47
46
45
45
44
43
43
43
42
42
41
40
40
40
40
39
39
39
39
38
38
38
38
38
38
37
37
35
35
35
34
34
33
33
33
33
32
32
32
32
32
30
29
29
29
28
25
24
24
24
23
23
23
23
21
20
20
19
19
14
10
